486\n1162\n1162\n1162\n1162\n169\n1087\n585\n585\n1087\n1087\n1087\n826\n1087\n590\n966\n840\n585\n630\n966\n622\n1206\n1207\n1202\n621\n1582\n1584\n1601\n342\n1601\n343\n1601\n1602\n1314\n344\n1601\n1317\n1583\n1139\n46

1207\n1202\n621\n1582\n1584\n1601\n342\n1601\n343\n1601\n1602\n1314\n344\n1601\n1317\n1583\n1139\n46

486 1162 1162 1162 1162 169 1087 585 585 1087 1087 1087 826 1087 590 966 840 585 630 966 622 1206 1207 1202 621 1582 1584 1601 342 1601 343 1601 1602 1314 344 1601 1317 1583 1139 46
1601 1162 1162 1162 169 1087 585 585 1087 1087 1087 826 1087 590 966 840 585 630 966 622 1206 1207 1202 621 1582 1584 1601 342 1601 343 1601 1602 1314 344 1601 1317 1583 1139 46 1140
1087 1087 1087 1087 1087 585 470 1087 1087 1087 826 1087 1087 966 449 1087 1087 1087 1087 1087 1202 621 621 1582 1584 1601 342 1601 343 1601 1602 1314 344 1601 1317 1583 1139 46 1140 1130
1087 1087 1087 1087 585 1087 1087 1087 1087 826 1087 590 966 449 1087 1087 1087 1087 1206 1202 621 621 1582 1584 1601 342 1601 343 1601 1602 1314 344 1601 1317 1583 1139 46 1140 1130 1130
1087 1087 1087 585 1087 1087 1087 1087 826 1087 826 1087 1087 1087 1087 1087 1087 1206 1207 621 621 1582 1584 1601 342 1601 343 1601 1602 1314 344 1601 1317 1583 1139 46 1140 1130 1130 345
1087 1087 585 585 1087 1087 1087 826 1087 826 1087 1087 1087 1087 1087 1087 1207 213 1512 621 621 1584 1601 342 1601 343 1601 1602 1314 344 1601 1317 1583 1139 46 1140 1130 1130 345 1601
1087 1087 585 585 1087 1087 826 1087 826 1087 955 664 1087 966 1087 1207 1202 1202 621 1582 1584 1601 342 1601 343 1601 1602 1314 344 1601 1317 1583 1139 46 1140 1130 1130 345 1601 1602
1087 1087 585 1087 1087 826 1087 826 966 955 664 1087 664 1087 1207 1202 1202 621 1582 1584 1601 342 1601 343 1601 1602 1314 344 1601 1317 1583 1139 46 1140 1130 1130 345 1601 1602 1318
585 585 585 1087 826 1087 826 1087 590 585 1087 966 622 1206 1202 1202 621 621 1584 1601 342 1601 343 1601 1602 1314 344 1601 1317 1583 1139 46 1140 1130 1130 345 1601 1602 1318 1601
585 1087 1087 826 1087 826 1087 1087 585 1087 966 622 1206 1202 1202 621 621 1584 1601 342 1601 343 1601 1602 1314 344 1601 1317 1583 1139 46 1140 1130 1130 345 1601 1602 1318 1601 1601
1087 1087 1087 1087 826 966 840 585 630 966 622 1206 1207 1202 621 1582 1584 1601 342 1601 343 1601 1602 1314 344 1601 1317 1583 1139 46 1140 1130 1130 345 1601 1602 1318 1601 1601 351
1087 1087 1087 590 966 840 585 630 966 622 1206 1207 1202 621 1582 1584 1601 342 1601 343 1601 1602 1314 344 1601 1317 1583 1139 46 1140 1130 1130 345 1601 1602 1318 1601 1601 351 1601
1087 1087 826 966 840 966 630 966 622 1206 1207 1202 621 1582 1584 1601 342 1601 343 1601 1602 1314 344 1601 1317 1583 1139 46 1140 1130 1130 345 1601 1602 1318 1601 1601 351 1601 1601
1087 826 966 1257 966 630 966 622 1206 1207 1202 621 1582 1584 1601 342 1601 343 1601 1602 1314 344 1601 1317 1583 1139 46 1140 1130 1130 345 1601 1602 1318 350 1601 351 1601 1601 1601
1087 966 1257 966 966 966 622 1207 1202 621 621 621 1584 1601 342 1601 343 1601 1602 1314 344 1601 1317 1583 1139 46 1140 1130 1130 345 1601 1602 1318 350 1601 351 1601 1601 1601 1601
388 1257 966 966 966 622 828 474 1202 1202 621 1584 1365 342 1601 343 1601 1602 1314 344 1601 1317 1583 1139 46 1140 1130 1130 345 1601 1602 1318 350 1601 351 1601 350 1601 1601 1601
885 1063 966 966 622 1087 1207 1582 621 1582 1584 1601 342 1601 343 1601 1602 1314 344 1601 1317 1583 1139 46 1140 1130 1130 345 1601 1602 1318 350 1601 351 1601 346 1601 1601 1601 342
585 585 1087 622 1206 1207 1202 621 1582 1584 1601 342 1601 343 1601 1602 1314 344 1601 1317 1583 1139 46 1140 1130 1130 345 1601 1602 1318 1601 1601 351 1601 1601 1601 1601 1601 342 346
585 585 622 1206 1207 1202 621 1582 1584 1601 342 1601 343 1601 1602 1314 344 1601 1317 1583 1139 46 1140 1130 1130 345 1601 1602 1318 1601 1601 351 1601 1601 1601 1601 1601 351 346 347
1087 1257 622 623 878 1582 1388 1087 1087 1584 1087 1584 1601 1602 1314 344 1601 1317 1583 1139 46 1140 1130 1130 345 1601 1602 1318 350 1601 351 1601 346 1601 1601 1601 351 347 347 1319
885 885 1597 1203 1203 872 1584 1087 342 1601 343 1601 1317 1314 344 1601 1317 1583 1139 46 1140 1087 1130 345 345 1602 1318 1318 1601 1602 1601 350 1601 1601 1601 351 346 346 347 1601
388 1203 872 1382 1623 1584 1087 342 1601 343 1601 1602 1314 344 1601 1317 1583 1139 46 1140 1130 1130 345 1601 1602 1318 1601 1601 351 1601 1601 1601 1601 1601 342 347 347 1319 1319 1319
1087 891 1488 1031 1584 1601 342 1601 343 1601 1602 1314 344 1601 1317 1583 1070 46 1140 1130 1130 345 1601 1602 1318 350 1601 351 351 346 344 1601 1365 1317 1317 346 343 1601 1601 1319
1087 891 872 1584 1601 342 1601 343 1601 1602 1314 344 1601 1317 1583 1139 46 1140 1130 1130 345 1601 1602 1318 350 1601 351 1601 346 1601 1601 1601 342 347 347 1319 1319 1319 1319 1319
1087 1087 1584 1601 342 1601 343 1601 1602 1314 344 1601 1317 1583 1139 46 1140 1130 1130 345 1601 1602 1318 350 1601 351 1601 346 1601 1601 1601 342 347 347 1319 1319 1319 1319 1319 1319
1087 1584 1601 342 1601 343 1601 1602 1314 344 1601 1317 1583 1139 46 1140 1130 1130 345 1601 1602 1318 350 1601 351 1601 346 1601 1601 1601 342 347 347 1319 1319 1319 1319 1319 1319 1319
1584 1601 342 1601 343 1601 1602 1314 344 1601 1317 1583 1139 46 1140 1130 1130 345 1601 1602 1318 350 1601 351 1601 1601 1601 1601 1601 342 347 347 1319 1319 1319 1319 1319 1319 1319 1319
1584 342 1601 343 1601 1602 1314 344 1601 1317 1583 1139 46 1140 1130 1130 345 1601 1602 1318 1601 1601 351 1601 350 1601 1601 1601 351 346 346 346 1601 1601 1319 1319 1319 1319 1319 1319
1602 1601 343 1601 1602 1314 344 1601 1317 1583 1139 46 1140 1130 1130 345 1601 1602 1318 1601 1601 351 1601 346 1601 1601 1601 342 347 1319 1319 1319 1319 1319 1319 1319 1319 1319 1319 1319
1601 343 1601 1602 1314 344 1601 1317 1583 1139 46 1140 1130 1130 345 1601 1602 1318 350 1601 351 1601 346 1601 1601 1601 342 347 347 1319 1319 1319 1319 1319 1319 1319 1319 1319 1319 1319
1602 1601 1602 1314 344 1601 1317 1583 1139 46 1140 1130 1130 345 1601 1602 1318 1601 1601 351 1601 346 1601 1601 1601 1601 347 1319 1319 1319 1319 1319 1319 1319 1319 1319 1319 1319 1319 1319
1601 1602 1314 344 1601 1317 1583 1139 46 1140 1130 1130 345 1601 1602 1318 1601 1601 351 1601 1601 1601 1601 1601 347 347 1319 1319 1319 1319 1319 1319 1319 1319 1319 1319 1319 1319 1319 678
1602 1318 344 1601 1317 1583 1139 46 1140 1130 1130 345 1601 1602 1318 1601 1601 351 351 346 346 1601 1601 347 347 1319 1319 1319 1319 1319 1319 1319 1319 1319 1319 1319 1319 1319 678 1601
1318 344 1601 1317 1583 1139 46 1140 1130 1130 345 1601 1602 1318 350 1601 351 1601 346 1601 1601 1601 342 347 1319 1319 1601 1319 1319 1319 1319 1319 1319 1319 1319 1319 1319 1319 1601 1601
344 1601 1317 1583 1139 46 1140 1130 1130 345 1601 1602 1318 350 1601 351 1601 346 1601 1601 1601 342 347 1319 1319 1319 1319 1319 1319 1319 1319 1319 1319 1319 1319 1319 1319 348 1601 1601
1601 1317 1583 1139 46 1140 1130 1130 345 1601 1602 1318 350 1601 351 351 346 1601 1601 1601 347 1319 1319 1319 1319 1319 1319 1319 1319 1319 1319 1319 1319 1319 1319 1319 348 1601 1601 449
1602 1583 1139 46 1140 1130 1130 345 1601 1602 1318 350 1601 351 351 346 344 1601 1365 1317 346 346 346 1601 1601 1319 1319 1319 1319 1319 1319 1319 1319 1319 1319 348 1601 1601 449 1382
1583 1139 46 1140 1130 1130 345 1601 1602 1318 350 1601 351 1601 346 1314 1601 1365 1317 1317 346 346 1601 1601 347 1319 1319 1319 1319 1319 1319 1319 1319 1319 348 1601 1601 449 1382 891
354 46 1140 1130 1130 345 1601 1602 1318 1601 1601 351 351 346 344 1601 1365 1317 346 346 346 1601 1601 1319 1319 1319 1319 1319 1319 1319 1319 1319 1319 348 1601 1601 449 678 891 891
46 1140 1130 1130 345 1601 345 1601 350 1601 351 1601 346 1314 1601 1601 1317 346 346 346 1601 1601 1319 1319 1319 1319 1319 1319 1319 1319 1319 1319 348 890 1601 449 1487 891 891 1487
1140 1130 1130 345 1601 1602 1318 350 1601 351 1601 346 1601 1601 1601 347 346 1319 1319 1319 1319 1319 1319 1319 1319 1319 1319 1319 1319 1319 1319 348 1601 1601 449 891 891 891 1487 1487
1130 1130 345 1601 1602 1318 350 1601 351 1601 344 1601 1601 1601 351 1601 346 1319 1601 1319 1319 1319 1319 1319 1319 1319 1319 1319 1319 1319 348 1601 1601 449 891 891 891 1487 1487 1601
1130 345 345 345 1318 350 1601 351 1601 346 1601 1601 1601 1317 1319 1319 1319 1601 1319 1319 1319 1319 1319 1319 1319 1319 1319 1319 1319 1601 1601 1601 449 46 891 891 1487 1487 1601 449
345 345 1602 1318 1601 1601 351 346 1601 344 1601 1365 351 346 1319 1319 1601 1319 1319 1319 1319 1319 1319 1319 1319 1319 1319 1319 1601 1601 1601 1487 1382 891 891 1487 1487 1487 620 1382
345 345 1602 1601 1601 351 351 1601 1601 1601 1601 351 347 347 1319 1601 1319 1319 1319 1319 1319 1319 1319 1319 1319 1319 1319 1601 1601 1601 449 891 891 891 1487 1487 1487 620 1382 1382
345 345 1601 1601 1602 351 1601 351 1601 1601 351 347 347 1319 1319 1319 1319 1319 1319 1319 1319 1319 1319 1319 1319 1319 678 1601 1601 449 891 891 891 1487 1487 1487 620 1382 1382 872
345 1601 1601 1602 1601 1601 351 1601 1601 351 346 347 347 1319 1319 1319 1319 1319 1319 1319 1319 1319 1319 1319 1319 348 1601 1601 449 891 891 891 1487 1487 1487 620 1382 1382 1382 1382
1601 1601 1602 1318 1318 350 1601 1601 351 346 346 347 1601 1601 1319 1319 1319 1319 1319 1319 1319 1319 1319 1319 348 1601 1601 1487 1487 891 1487 1487 1487 1487 620 1382 1382 1382 1382 399
1601 1602 1318 1318 1318 350 1601 351 346 346 347 1601 1601 1319 1319 1319 1319 1319 1319 1319 1319 1319 1319 348 1601 1601 449 678 891 891 1487 1487 1487 620 1382 1382 1382 1382 885 803
1602 346 1314 1314 1601 350 351 346 346 346 1601 1319 1319 1319 1319 1319 1319 1319 678 1319 678 1319 1601 1601 1601 449 1382 891 1382 1487 1487 1487 449 1382 1382 1382 1382 885 885 449
1602 1318 1314 1601 351 351 346 346 346 1601 1601 1319 1319 1319 1319 1319 1319 1319 1319 678 1319 1601 1601 1601 449 1382 891 891 1487 1487 1487 620 1382 1382 1382 1382 399 885 885 885
1318 1314 350 1601 351 351 346 346 1601 1601 347 1319 1319 1319 1319 1319 1319 1319 1319 1319 348 891 1601 891 891 891 1487 1487 621 1382 354 1382 872 885 885 885 885 885 885 885
1318 350 1601 351 1601 346 346 1601 1601 347 1319 1319 1319 1319 1319 1319 1319 1319 1319 348 1601 1601 891 891 891 891 1487 1602 1602 449 1382 872 872 885 885 885 885 885 885 1623
350 350 351 346 346 346 1601 1601 1319 1319 1319 1319 1319 1319 1319 1319 1319 1319 348 1601 1601 449 891 891 891 1487 1487 1382 449 1382 872 872 1382 885 885 885 885 885 1623 1623
350 351 1601 346 1601 1601 1601 1319 1319 1319 1319 1319 1319 1319 1319 1319 1319 348 891 1601 449 891 891 891 1487 1487 1382 449 1382 1382 872 1382 885 885 885 885 885 1623 1623 1623
1602 346 346 1601 1601 1601 1319 1319 1319 1319 1319 1319 1319 678 678 678 678 1601 1601 891 891 891 1487 1487 1487 1487 1421 1382 1382 1382 885 885 885 885 885 885 1623 1623 1606 933
1602 346 346 1601 1601 347 1319 1319 1319 1319 1319 1319 1319 678 678 678 1601 1601 891 891 891 1487 1487 1487 1487 1362 1382 1382 1382 1382 885 885 885 885 885 1623 1623 1436 1204 1280
1602 346 1601 1601 347 347 1319 1319 1319 1319 1319 1319 1319 1319 678 1601 1601 1487 891 891 1487 1487 1487 1487 1362 1382 872 1382 1382 1382 885 885 885 885 885 1623 1623 1204 1204 526
1602 1601 1601 346 347 347 1319 1319 1319 1319 1319 1319 1319 1601 1601 1601 891 891 891 891 1487 1602 1602 449 449 872 872 872 873 1604 885 803 885 1623 1623 1623 442 1606 1509 1280
1601 1601 346 347 347 347 1319 1319 1319 1319 1319 1319 1601 1601 1601 891 891 891 891 891 1319 1602 449 1382 1382 1382 1623 885 803 885 885 885 885 885 885 885 885 1583 1583 1583
1601 346 346 347 347 347 1319 1319 1319 1319 1319 1319 1601 1601 891 891 891 891 891 1602 1601 449 1382 1382 885 1382 885 803 885 885 885 885 885 1623 1623 1623 1145 1145 1145 885
1602 346 346 1601 347 1319 1319 1319 1319 1319 1601 1601 1601 449 1382 1319 1583 1583 1602 1602 449 1601 449 885 442 873 442 885 803 885 1623 1623 1623 1286 1606 74 1606 1280 1280 1280
1602 346 346 1601 347 1319 1319 1319 1319 1601 1601 1601 449 1601 1319 1583 1583 1602 1602 449 872 449 885 442 885 442 885 442 885 1623 1623 1623 1286 1606 1068 1606 511 1606 1623 1623
1602 346 346 1601 347 1319 1319 1319 1601 1601 1601 968 1601 891 1583 1583 1602 1602 872 872 885 885 885 885 803 885 803 885 1623 1623 442 798 1606 798 1606 1068 1606 511 1382 1382
1602 346 346 1601 347 1319 1319 1601 1601 1601 968 1601 891 1583 1583 1602 1602 872 1606 885 885 803 885 803 885 885 885 1623 1623 1623 798 442 798 1606 798 1606 511 1382 1286 986
1602 346 346 1601 347 1319 1601 1601 1601 968 891 891 1583 1583 1602 1602 449 1583 885 885 803 885 803 885 885 885 1623 1623 1623 798 1623 798 978 1286 1382 1286 978 978 1382 1601
1602 346 346 1601 347 1601 1601 1601 1319 891 891 1583 1583 1602 1602 449 1601 354 885 442 885 442 885 885 885 1623 1623 1623 798 1623 1509 885 885 885 885 885 885 891 891 343
1602 346 346 1601 1601 1601 1601 1317 891 891 1583 1583 1602 1602 449 1583 354 885 872 885 442 885 885 885 1623 1623 1623 1286 1606 1280 1280 1280 885 885 885 1623 1623 1087 343 1087
1602 346 346 1601 1601 1601 347 1601 891 1583 1583 1602 1602 449 678 354 872 872 885 442 885 885 885 1623 885 1623 1623 1606 1204 1280 1280 885 885 885 1087 1286 1087 343 1087 1602
1602 346 1601 1601 1601 1601 1601 891 1583 1583 1602 1602 449 354 354 872 442 442 442 885 885 885 885 885 1623 1623 1623 1204 1280 1280 803 885 885 1623 95 1087 343 1087 1602 1314
1602 1601 1601 1601 1601 1601 891 1583 1583 1602 1602 449 678 354 1606 442 442 442 442 885 885 885 885 885 885 1623 1204 1204 526 526 885 885 1623 1623 1087 343 1087 343 1314 344
1601 1601 1601 1601 1601 1317 1583 1583 1602 1602 345 348 348 442 442 442 442 442 442 885 803 803 803 803 1623 885 885 885 885 885 885 885 885 1087 343 1314 1602 1314 1070 46
1601 1601 1601 1601 1319 1583 1583 1319 1602 449 348 442 442 442 442 442 803 803 885 885 885 885 1623 1623 1623 1623 1062 609 1280 885 885 1602 1087 1602 1314 1602 1314 1487 1487 1087
1601 1601 1601 1319 1583 1319 1319 1602 1509 442 449 1382 1382 885 885 803 803 885 885 885 1623 1623 1623 1623 1365 609 1525 1525 885 885 1602 1087 343 343 1602 1314 968 968 891 891
1601 1601 1319 1583 1583 1319 1602 1203 872 449 1382 885 885 803 803 803 885 885 885 885 885 885 885 1583 1583 1583 1583 1561 1561 351 1601 346 1601 1602 1602 1601 449 1087 1204 1382
1601 1319 1583 1583 1319 1318 872 872 449 1382 885 885 803 803 803 885 885 885 1623 1623 885 1130 1583 1583 1583 1235 885 1561 1602 1601 1602 1601 343 343 1314 449 1087 1382 1487 1487
1601 1583 1583 1319 1318 1203 442 449 678 1623 1623 1623 511 885 885 885 885 885 885 885 885 885 885 1583 1583 1561 1561 1602 1601 1602 1601 1602 1314 1487 1487 1087 1487 1487 1487 1487
1583 1583 1319 1318 1203 348 348 442 442 442 442 442 1421 885 885 885 885 1623 1623 1623 1623 1623 1623 1623 1623 1373 1373 585 585 585 1317 1317 968 968 46 46 1382 1487 1382 891
1583 1319 1318 348 348 348 442 442 442 442 442 442 442 442 442 442 885 885 885 885 885 885 885 885 885 885 1601 343 1601 1602 1314 1087 1087 1087 891 1487 1487 1487 1487 1487
1602 346 1314 348 348 442 442 442 442 442 442 442 885 885 885 803 803 803 803 885 885 1623 1623 1623 399 1087 343 1314 1314 1314 678 585 1087 1087 891 891 891 891 1487 1487
1602 1583 354 1606 442 442 442 442 442 442 442 442 885 803 803 803 803 803 885 885 885 885 885 885 1601 343 1601 343 1314 344 891 891 891 891 891 891 1487 1487 1487 1487


232\n233\n234\n235\n236\n237\n238\n239\n240\n241\n242\n243\n244\n245\n246\n247\n248\n249\n1294\n250\n251\n252\n253\n254\n255\n256\n257\n258\n259\n260\n261\n262\n263\n264\n265\n266\n267\n268\n269\n270

232 233 234 235 236 237 238 239 240 241 242 243 244 245 246 247 248 249 1294 250 251 252 253 254 255 256 257 258 259 260 261 262 263 264 265 266 267 268 269 270
1087 1087 896 992 992 992 992 1025 612 612 104 985 375 248 249 1294 1294 250 251 252 253 254 255 256 257 258 259 260 261 262 263 264 265 266 267 268 269 270 271 272
1087 1087 896 992 992 241 242 242 612 104 985 375 375 248 249 1294 250 251 251 253 254 255 256 257 258 259 260 261 262 263 264 265 266 267 268 269 270 271 272 273
1087 1087 896 992 240 241 242 242 244 245 246 247 248 249 1294 250 251 252 253 254 255 256 257 258 259 260 261 262 263 264 265 266 267 268 269 270 271 272 273 274
1087 1087 1549 240 241 242 242 243 244 245 247 247 249 1294 250 251 252 253 254 255 256 257 258 259 260 261 262 263 264 265 266 267 268 269 270 271 272 273 274 275
1087 1087 240 240 241 242 243 244 245 246 248 248 1294 1294 251 252 253 254 255 256 257 258 259 260 261 262 263 264 265 266 267 268 269 270 271 272 273 274 275 276
1087 741 240 241 242 243 244 245 246 247 248 1294 1294 250 251 252 254 255 255 257 258 259 260 261 262 263 264 265 266 267 268 269 270 271 272 273 274 275 276 277
1087 741 240 1365 244 245 246 247 247 249 1294 250 251 251 253 254 255 256 257 258 259 260 261 262 263 264 265 266 267 268 269 270 271 272 273 274 275 276 277 278
1087 1365 1365 245 246 246 247 248 249 1294 1294 251 251 252 254 255 256 257 258 259 260 261 262 263 264 265 266 267 268 269 270 271 272 273 274 275 276 277 278 279
1365 1365 245 246 246 247 248 249 1294 250 251 251 253 254 255 256 257 258 259 260 261 262 263 264 265 266 267 268 269 270 271 272 273 274 275 276 277 278 279 280
1365 1365 245 246 247 247 249 1294 250 250 251 253 254 255 256 257 258 259 260 261 262 263 264 265 266 267 268 269 270 271 272 273 274 275 276 277 278 279 280 281
1365 1365 245 246 247 248 249 1294 250 251 252 253 254 255 256 257 258 260 261 262 262 264 264 266 267 268 269 270 271 272 273 274 275 276 277 278 279 280 281 281
1365 1365 246 247 248 249 1294 250 251 252 253 254 255 257 257 259 260 261 262 263 264 265 266 267 268 269 270 271 272 273 274 275 276 277 278 279 280 281 282 283
1365 1365 246 248 249 250 251 251 252 254 254 256 257 258 259 260 261 262 263 264 265 266 267 268 269 270 271 272 273 274 275 276 277 278 279 280 281 282 283 284
1365 1087 1629 250 250 251 252 253 254 255 256 257 258 259 260 261 262 263 264 265 266 267 268 269 270 271 272 273 274 275 276 277 278 279 280 281 282 283 284 285
1087 1070 1629 251 251 252 253 254 255 256 257 258 259 260 261 263 263 264 265 266 267 268 269 270 271 272 273 274 275 276 277 278 279 280 281 282 283 284 285 286
1087 1087 250 251 252 253 254 255 256 257 258 259 260 261 262 263 264 265 266 267 268 269 270 271 272 273 274 275 276 277 278 279 280 281 282 283 284 285 286 287
1087 105 250 251 252 253 254 255 256 257 258 259 260 261 262 263 264 265 266 267 268 269 270 271 272 273 274 275 277 278 279 280 280 281 282 283 284 285 286 287
1087 1087 251 252 253 254 255 256 257 258 259 260 261 262 263 264 265 266 267 269 269 270 272 273 274 275 276 277 278 279 280 281 281 283 284 285 286 287 288 289
1087 1087 252 253 255 256 257 257 259 260 260 261 262 263 264 265 266 267 268 269 270 271 272 273 274 275 277 277 278 279 280 281 282 283 284 285 286 287 288 289
1087 1087 1031 1147 1380 257 1388 259 260 260 261 262 263 264 265 266 267 268 269 270 271 272 273 274 275 276 277 278 279 280 281 282 283 284 285 286 287 288 289 290
1087 1365 1365 1388 1388 1601 259 260 261 262 263 264 265 266 266 267 268 269 270 271 272 273 274 275 277 278 279 279 280 281 282 283 284 285 286 287 288 289 290 291
1087 1087 7 1388 360 259 260 262 263 263 265 266 266 268 268 269 270 271 272 273 274 275 276 277 278 279 280 281 282 283 284 285 286 287 288 289 290 291 292 293
1087 1087 1388 245 246 262 263 263 265 266 267 268 268 269 270 271 272 273 274 275 276 277 278 279 280 281 282 283 284 286 287 288 289 290 291 292 293 294 295 296
1087 1365 1388 246 246 247 263 263 266 266 267 268 269 269 270 272 273 274 275 276 277 278 279 280 281 283 284 284 285 286 287 288 289 290 291 292 293 294 295 296
1087 1365 261 262 262 263 263 265 266 267 268 269 269 270 271 272 273 275 1577 277 278 279 279 280 282 283 284 284 285 286 287 288 289 290 291 292 293 294 295 296
1087 1087 261 262 262 263 263 265 266 267 268 269 270 271 272 273 274 275 276 277 278 279 280 281 282 283 284 285 286 287 288 289 290 291 292 293 294 296 296 297
1087 1365 261 262 262 263 264 266 267 268 269 269 271 271 272 273 274 276 277 278 279 280 281 281 282 283 284 285 286 287 288 289 291 292 293 294 295 296 297 298
1087 741 261 262 263 264 265 266 267 268 269 270 271 272 273 274 275 276 277 278 279 280 281 282 283 284 285 286 287 288 289 290 291 292 293 294 296 296 298 299
1087 105 262 263 264 265 266 267 268 269 270 271 272 273 274 275 276 277 278 279 280 281 282 283 284 285 286 287 288 289 290 291 293 294 295 296 297 298 299 300
1087 1087 361 361 265 266 268 268 269 270 271 272 273 274 275 277 277 278 279 280 281 282 283 284 285 286 287 288 289 290 291 293 294 295 296 297 298 299 300 301
1087 1087 1629 267 268 269 269 270 271 272 273 274 275 276 277 278 279 280 281 282 283 284 285 286 287 288 289 290 291 292 293 294 295 296 297 298 299 300 301 302
1087 1087 267 1031 268 269 270 271 272 273 274 275 276 277 278 279 280 281 282 283 284 285 286 287 288 289 290 291 292 293 294 295 296 297 298 300 301 302 303 304
1087 1087 267 268 269 270 270 271 273 274 275 276 277 278 279 280 281 281 283 284 285 286 287 288 289 290 291 292 293 294 295 296 297 298 299 300 301 302 303 304
1087 25 267 268 269 270 271 272 273 274 275 276 277 278 279 280 281 282 283 284 285 286 287 288 289 290 291 292 293 294 295 296 297 298 299 300 301 302 303 304
1087 267 1031 269 270 271 272 273 274 275 276 277 278 279 280 281 282 283 284 285 286 287 288 289 290 291 292 293 294 295 296 297 298 299 300 301 302 303 304 305
1087 1087 1031 270 271 273 274 274 276 277 278 278 279 280 281 282 284 284 286 287 288 289 290 291 292 293 294 295 296 297 298 299 300 301 302 303 304 305 306 307
1087 1087 1388 391 272 274 275 277 278 278 279 280 281 282 282 283 285 286 287 288 289 290 291 292 293 294 295 296 297 298 299 301 301 302 304 304 306 306 307 309
1087 1476 391 391 1281 1281 331 332 332 334 334 334 282 283 285 286 286 287 288 254 291 292 293 258 259 260 261 262 263 264 266 267 268 269 270 271 272 273 274 275
1087 1087 391 391 331 331 332 333 334 334 985 375 706 706 406 1180 251 252 254 254 256 257 258 259 259 261 262 263 264 265 266 267 268 269 270 271 272 273 274 276
1087 1087 896 331 331 332 334 612 985 985 375 902 902 4 251 1326 253 254 255 256 257 258 259 260 262 262 264 265 266 267 268 269 270 271 272 273 274 275 276 277
1087 1087 896 279 279 280 281 282 282 602 902 4 1610 1326 1326 137 255 257 258 259 260 261 262 263 264 265 266 267 268 269 270 271 272 273 274 275 276 277 278 279
1087 1087 896 279 279 280 281 282 283 602 902 250 251 1326 254 255 256 257 258 259 260 261 262 263 264 265 266 267 268 269 270 271 272 273 275 275 276 278 279 280
1087 1087 896 279 280 281 282 282 284 285 286 287 288 289 291 292 293 258 295 296 261 262 263 301 301 303 268 269 270 271 272 273 274 275 276 277 278 279 280 281
1087 1087 896 279 280 281 282 282 284 285 286 287 288 289 290 291 292 293 295 295 296 298 299 300 301 302 303 304 305 306 307 308 309 310 311 312 313 314 315 316
1087 1365 896 279 280 281 282 282 283 284 285 286 287 288 289 291 292 293 294 295 296 297 298 299 300 301 302 303 304 305 306 307 309 310 311 312 312 314 315 315
1087 1365 278 279 279 280 281 282 283 284 285 286 287 288 289 290 292 292 293 294 296 296 298 299 300 301 302 303 304 305 306 307 308 309 310 311 312 313 314 315
1087 1087 278 279 279 281 281 282 283 285 286 286 287 288 289 290 292 293 294 295 296 297 298 299 300 301 302 303 304 305 306 307 308 309 310 311 312 313 314 315
1087 1087 278 279 280 281 282 283 284 285 286 287 288 289 290 291 292 293 294 295 296 297 298 299 300 301 302 303 304 305 306 307 308 309 310 311 312 313 315 315
1087 1087 278 279 280 281 282 283 284 285 286 287 288 289 290 291 292 293 294 295 296 297 298 300 301 302 303 304 305 306 307 308 309 310 311 312 313 314 315 316
1087 1087 278 279 280 282 282 283 284 286 286 287 288 289 290 292 293 293 294 296 296 298 299 300 301 302 303 304 305 306 307 308 309 310 311 312 313 314 315 316
1365 1365 279 280 281 282 283 284 285 286 287 288 289 290 291 292 293 294 295 296 297 298 300 301 302 303 304 304 306 307 308 309 310 311 312 313 314 315 316 317
1365 1365 1325 280 281 282 283 285 286 286 287 288 1031 290 118 292 1327 544 544 545 545 812 812 301 302 303 304 305 306 307 308 309 310 311 312 313 314 315 316 317
1365 1365 1629 945 1358 51 138 138 1031 777 777 118 118 1327 1327 544 545 545 812 812 778 53 896 896 304 305 306 307 375 1314 1208 1208 1208 312 313 314 315 316 317 318
1365 1365 1629 1629 1358 52 138 1031 288 1031 1031 118 118 1327 1327 544 544 545 545 812 300 302 302 303 304 306 306 307 308 309 310 312 312 313 314 315 316 318 318 320
1365 1365 1629 1629 285 286 287 288 288 290 290 291 293 293 295 296 296 298 299 300 302 302 303 304 306 307 307 309 310 311 312 312 313 314 315 317 318 318 320 321
1365 1365 1629 1629 285 286 287 288 288 290 290 291 292 293 295 295 297 298 299 300 302 302 303 304 305 306 307 309 309 310 312 312 313 314 315 316 317 318 319 321
1087 1087 1629 1629 285 286 287 288 288 290 290 291 292 293 294 295 296 297 299 300 301 302 303 304 305 306 307 308 309 310 311 312 313 314 314 315 317 318 318 321
1087 105 284 285 285 286 287 288 288 290 290 292 292 293 294 295 296 297 299 300 301 302 303 304 305 306 307 308 309 310 311 312 313 314 315 316 317 318 319 321
1087 996 284 285 286 286 287 288 289 290 291 292 293 294 295 296 297 298 299 300 301 302 303 304 306 307 308 309 310 311 312 313 314 315 316 317 318 319 320 321
1087 996 284 285 286 287 287 288 289 290 291 292 293 294 295 296 297 298 299 300 302 303 304 304 306 307 308 309 310 311 312 313 314 315 316 317 318 319 320 321
1087 996 284 285 286 287 288 289 290 291 292 293 294 294 295 296 297 299 300 301 302 303 304 305 306 307 308 309 310 311 312 313 314 315 316 317 318 319 320 321
1087 1087 284 285 286 287 288 289 290 291 292 293 294 295 296 297 298 299 300 301 302 303 304 305 307 307 309 310 311 312 313 314 315 316 317 318 319 320 321 322
1087 121 285 286 287 288 289 290 291 292 293 294 295 296 297 298 299 300 301 302 303 304 305 306 307 308 310 311 312 313 314 315 316 317 318 319 320 321 322 323
1087 121 1629 286 288 288 290 291 292 293 294 295 296 297 298 299 300 301 302 303 304 305 306 307 308 309 310 311 312 313 314 315 316 317 318 320 321 321 323 324
1087 121 1549 1031 290 290 291 292 293 294 295 296 297 298 299 300 301 302 303 304 305 306 307 308 310 311 312 313 314 315 316 317 318 319 320 321 322 323 324 325
1087 121 1549 1031 290 291 291 293 293 294 295 296 298 298 300 301 302 303 304 305 306 307 308 309 310 311 312 313 314 315 316 317 318 319 320 321 322 323 324 325
1087 121 7 290 291 291 292 293 294 295 296 297 298 299 300 301 302 303 304 306 307 308 309 310 311 312 313 314 315 316 317 318 319 320 321 322 323 324 325 326
1087 121 7 290 291 292 293 294 295 296 296 298 299 300 301 302 303 304 305 306 307 308 309 310 311 312 313 314 315 316 317 318 319 320 321 322 323 324 326 326
1087 1087 7 291 291 292 293 294 295 296 297 298 299 300 301 302 303 304 305 306 307 309 310 311 312 313 314 315 316 317 318 319 320 321 322 323 324 325 326 327
1087 1624 290 291 291 292 293 294 295 296 297 298 299 300 301 302 303 304 305 307 307 309 310 311 312 313 314 315 316 317 318 319 320 321 322 323 324 325 326 327
885 133 290 291 291 292 293 294 295 296 297 298 300 301 302 303 304 304 306 307 308 309 310 311 312 313 314 315 316 317 318 319 320 321 322 323 324 325 326 327
885 133 290 291 291 292 293 294 295 296 298 299 300 301 302 303 304 304 306 307 308 309 310 311 312 313 314 315 316 317 318 319 320 321 322 323 324 325 326 327
885 133 290 291 292 293 294 295 296 297 298 299 300 301 302 303 304 305 306 307 308 309 310 311 312 313 314 315 316 317 318 319 321 321 322 323 324 326 327 328
885 1087 290 291 292 293 294 295 296 297 298 299 300 301 302 303 304 305 307 308 309 310 311 312 313 314 315 316 317 318 319 320 321 322 323 324 325 326 327 328
1087 1087 1575 292 293 294 295 296 298 299 299 301 301 303 304 304 306 307 308 309 310 311 312 313 314 315 316 317 318 319 320 321 322 323 324 325 326 327 328 329
1087 1087 1575 292 293 294 295 296 298 299 300 301 302 303 304 305 306 307 308 309 310 311 312 313 314 315 316 317 318 319 320 321 322 323 324 326 327 327 329 330
1087 1087 1575 292 293 294 296 297 298 299 300 301 302 303 304 305 306 307 308 309 311 312 313 314 315 316 317 318 319 320 321 322 323 324 325 326 327 328 329 330
1087 1087 1575 293 294 295 296 298 299 299 301 301 303 304 305 306 307 308 309 310 311 312 313 314 315 316 317 318 319 320 321 322 323 324 326 326 327 329 330 331
1087 1087 1575 293 294 296 297 299 300 301 302 303 304 304 306 307 308 309 310 311 312 313 314 315 316 317 318 319 320 321 322 323 324 325 326 327 328 329 330 331
1087 1087 1575 325 296 297 298 299 301 302 303 304 304 305 306 307 309 310 310 311 313 314 315 315 317 318 318 270 271 271 273 75 1550 1550 313 313 315 316 318 319



723\n1087\n1087\n1087\n881\n585\n986\n1019\n1087\n1365\n710\n1087\n585\n708\n164\n461\n1622\n645\n978\n708\n921\n585\n1087\n986\n1019\n986\n1019\n725\n725\n1087\n986\n1019\n1087\n1087\n986\n1019\n585\n986\n1019\n1087

723 1087 1087 1087 881 585 986 1019 1087 1365 710 1087 585 708 164 461 1622 645 978 708 921 585 1087 986 1019 986 1019 725 725 1087 986 1019 1087 1087 986 1019 585 986 1019 1087
891 1087 986 1087 466 986 1019 1087 1087 710 1087 708 708 164 461 1622 645 978 708 921 585 1087 986 1019 986 1019 725 725 1087 986 1019 1087 1087 986 1019 585 986 1019 1087 1231
1087 1087 1087 474 474 1019 1087 893 710 1087 585 708 164 461 1622 645 978 708 921 585 1087 986 1019 986 1019 725 725 1087 986 1019 1087 1087 986 1019 585 986 1019 1087 1231 1087
1087 1087 1087 1087 1019 1087 1087 710 1087 585 708 164 461 1622 645 978 708 921 585 1087 986 1019 986 1019 725 725 1087 986 1019 1087 1087 986 1019 585 986 1019 1087 1231 1087 986
1087 1087 1087 1019 1087 986 710 1087 585 1087 164 461 1622 645 978 708 921 585 986 986 1019 986 1019 725 725 1087 986 1019 1087 1087 986 1019 585 986 1019 1087 1231 1087 986 986
585 1087 1019 1087 986 1019 723 986 1087 1087 1087 396 396 978 213 1083 1087 986 986 1019 986 1019 725 725 1087 986 1019 1087 1087 986 1019 585 986 1019 1087 1231 1087 986 986 986
585 1019 1087 986 1019 1087 1087 1087 1087 1087 1147 719 978 719 1135 891 986 986 1019 986 1019 723 723 1087 986 1019 1087 1087 986 1019 986 986 1019 1087 1087 1087 986 986 986 1019
1019 986 986 1019 1087 1087 986 1087 1087 1019 396 1083 708 980 461 986 986 1019 1087 1019 1087 986 986 986 1019 1087 986 986 1019 986 986 1019 1087 986 1087 986 1087 1087 1019 1087
1087 986 710 1087 1087 1087 1087 1087 1622 708 1622 708 980 585 880 1382 1019 1087 1019 1087 725 1087 1087 1019 1087 1087 986 1019 585 986 1019 1087 1231 1087 986 1087 1087 1019 1087 1019
1087 1382 1087 1087 1087 1087 710 710 1016 1016 1016 980 392 392 1382 1019 1087 1452 986 986 986 1087 1019 1087 1087 986 1019 986 986 1019 1087 986 1087 986 1231 1087 1019 1087 1019 1019
708 1365 1087 1087 1365 1087 597 708 980 708 980 980 392 1382 1019 1365 1019 725 986 986 986 1019 1087 1087 986 1019 986 986 1019 1087 1231 1087 986 1231 1087 1019 1087 1019 1019 1019
1087 891 1087 585 884 1087 708 708 708 980 1087 1584 1584 1019 986 1019 986 725 1087 986 1019 1087 1087 986 1019 986 986 1019 1087 1231 1087 986 1087 1087 1019 1087 1019 1019 1019 1019
1087 1087 585 585 645 1365 708 708 921 1087 986 1087 1019 986 1019 1087 725 1087 986 1019 1087 1087 986 1019 585 986 1019 1087 1231 1087 986 986 1087 1019 1087 1019 1019 1019 1019 1087
585 585 461 1622 645 978 708 921 585 1087 986 1019 986 1019 725 725 1087 986 1019 1087 1087 986 1019 585 986 1019 1087 1231 1087 986 986 1087 1019 1087 1019 1019 1019 1019 1087 1087
1087 891 713 1365 978 708 596 585 921 1087 1019 741 1019 723 725 1019 986 1019 1373 1373 986 1019 986 986 1019 986 986 1087 1087 986 986 1019 1019 1019 1019 1019 1019 1087 1087 986
1365 164 1075 1075 891 385 891 891 891 1019 1019 1019 39 39 39 1019 1019 1019 585 986 1019 986 986 1019 1087 1087 1087 1087 1231 1087 1019 1019 1019 1019 1019 1019 986 986 986 986
891 891 891 891 1075 891 986 986 1019 1019 1019 1373 1426 723 1426 1019 1373 986 986 1019 986 986 1019 1087 1087 1087 1087 986 986 1019 1087 1019 1087 1019 1019 1087 1087 1087 986 986
1087 891 891 1075 1087 986 986 1019 723 1019 723 1426 1087 986 1019 986 1087 986 1019 986 986 1019 1087 1231 1087 986 986 986 1019 1087 1019 1019 1019 1019 1087 1087 1087 1087 986 1087
1365 1087 921 1087 880 986 1019 986 1019 725 725 1087 986 1019 1087 1087 986 1019 585 986 1019 1087 1231 1087 986 1087 1087 1019 1087 1019 1019 1019 1019 1087 1087 1087 1087 986 1087 1087
1087 891 585 1087 986 1019 986 1019 725 725 1087 986 1019 1087 1087 986 1019 585 986 1019 1087 1231 1087 986 986 986 1019 1087 1019 1019 1019 1019 1087 1087 1087 1087 986 1087 1087 1087
1087 1087 585 986 1019 986 1019 725 725 1087 986 1019 1087 1087 986 1019 986 986 1019 1087 1231 1087 986 986 1087 1019 1087 1019 1019 1019 1019 1087 1087 1087 986 1087 1087 1087 1087 1087
1087 585 585 1019 1087 1019 1087 725 1087 986 1019 1087 1087 986 1019 585 986 1019 1087 1231 1087 1231 986 986 1019 1087 1019 1019 1019 1019 1087 1087 1087 986 986 1087 1087 1087 1087 1087
585 1087 1019 1087 1019 1087 977 1087 1087 1019 1087 1087 986 1019 585 986 1019 1087 1087 1087 1087 986 1087 1019 1087 1019 1019 1019 1019 1087 1087 1087 986 986 1087 977 1087 1087 1087 1087
1087 1019 986 1019 1087 1087 1087 1087 1019 1087 986 986 1019 986 986 1019 1087 986 1087 986 1087 1087 1019 1019 1019 1019 1019 1019 1087 1087 1087 986 986 1087 1087 1087 1087 1087 1087 986
1019 986 1019 1087 1087 1087 1087 1019 1087 1087 1087 1019 986 986 1019 1087 1087 1087 1087 986 1087 1019 1087 1019 1019 1019 1019 1087 1087 1087 986 986 1087 1087 1087 1087 1087 1087 986 986
1087 1019 986 725 1087 986 1019 1087 1087 986 1019 585 986 1019 1087 1231 1087 986 986 986 1019 1087 1019 1019 1019 1019 1087 1087 1087 1087 986 1087 1087 1087 1087 1087 1087 986 986 986
1019 986 725 1087 986 1019 1087 1087 1087 1019 585 986 1019 1087 1231 1087 986 986 1087 1019 1087 1019 1019 1019 1019 1087 1087 1087 1087 986 1087 1087 1087 1087 1087 1087 986 986 986 986
1087 986 986 986 1019 1087 1087 1087 1019 585 986 1019 1087 986 1087 986 986 1087 1019 1087 1019 1019 1019 1019 1087 1087 1087 1087 1087 1087 1087 1087 1087 1087 1087 986 986 986 986 986
1087 1087 891 1019 585 1081 986 1019 1087 986 1019 1087 1087 1087 1087 986 986 1019 1087 1019 1019 1019 1019 1087 1087 986 986 986 1087 977 1087 1087 1087 1087 986 986 986 986 986 1019
1087 1087 1019 1087 986 1087 1019 986 986 1019 1087 986 1087 986 986 1087 1019 1087 1019 1019 1019 1019 1087 1087 1087 1087 986 1087 1087 1087 1087 1087 1087 1087 986 986 986 986 1019 1019
1087 1019 986 986 1087 1019 986 986 1019 1087 986 1087 986 986 986 1019 1087 1019 1019 1019 1019 1087 1087 1087 1087 986 1087 1087 1087 1087 1087 1087 986 986 986 986 986 1019 1019 1019
1019 986 986 1087 1019 1087 986 1019 1087 1087 1087 986 986 1087 1019 1087 1019 1019 1019 1019 1087 1087 1087 986 986 1087 1087 1087 1087 1087 1087 986 986 986 986 986 1019 1019 1019 1087
1087 986 986 1019 1087 1426 1019 1087 1087 1087 1087 986 1087 1019 1019 1019 1019 1019 1019 1087 1087 986 986 986 863 977 89 1087 1087 1087 986 986 986 986 986 1019 1019 1019 1087 1019
1087 1087 1019 1087 986 1019 1087 986 1087 1087 1087 1087 1019 1087 1019 1019 1019 1019 1087 1087 1087 986 986 1087 1087 1087 1087 1087 1087 986 986 986 986 986 1019 1019 1019 1087 1019 1087
1087 1019 986 986 1019 1087 1231 1087 1087 986 986 1019 1087 1019 1019 1019 1019 1087 1087 1087 986 986 1087 1087 1087 1087 1087 1087 986 986 986 986 986 1019 1019 1019 1087 1019 1019 986
1019 986 986 1019 1087 986 1087 1087 1087 1087 1019 1019 1019 1019 1019 1019 1087 1087 1087 1087 1087 1087 1087 1087 1087 1087 1087 1087 986 986 986 986 1019 1019 1019 1087 1019 1019 986 986
1087 986 1019 1087 1087 1087 1231 1087 1087 1019 1087 1019 1019 1019 1019 1087 1087 1087 986 986 1087 1087 1087 1087 1087 1087 986 986 986 986 986 1019 1019 1019 1087 1019 1019 1087 986 986
585 1019 1087 986 1087 1231 986 1087 1019 1087 1019 1019 1019 1019 1087 1087 1087 986 1087 1087 1087 1087 1087 1087 1087 986 986 986 986 986 1019 1019 1019 1019 1019 1087 1087 986 986 986
1019 986 986 1087 585 986 986 1019 1019 1019 1019 1019 1019 1087 986 986 986 986 1087 1087 1087 1087 1087 1087 986 986 986 986 986 1019 1019 1019 1019 1019 1019 1087 986 986 986 986
1087 986 1087 585 927 1231 1019 1087 1019 1019 1019 1019 1087 1087 1087 986 1087 1087 1087 1087 1087 1087 1087 986 986 986 986 986 1019 1019 1019 1019 1087 1019 1087 986 986 986 1087 963
1087 1087 1231 1630 1087 1231 1087 1019 1087 1019 1019 540 1087 986 986 1087 1087 1087 1087 1087 1087 1087 1087 986 986 986 986 1019 1019 1019 1019 1087 1087 1087 986 986 986 986 986 1087
1087 1231 1231 1231 1019 1019 1019 1019 1019 1087 1087 1087 1087 1087 1087 1087 1087 1087 1087 1087 1087 1087 986 986 986 986 1019 1019 1019 1019 1019 1087 1087 986 986 986 986 986 1087 1087
1087 1630 1087 1019 1087 1019 1019 1019 1019 1087 1231 1087 986 1087 1087 1087 1087 1087 1087 1087 1087 986 986 986 986 1019 1019 1019 1019 1019 1019 1087 986 986 986 986 986 1087 1087 1087
1087 1087 1019 1019 1019 1019 1019 1019 986 986 986 986 986 863 977 1087 1087 1087 1087 1087 986 986 986 986 1019 1019 1019 1087 1019 1087 1087 986 986 986 986 986 986 1087 1087 1087
1087 1019 1019 1019 1019 1019 1019 1087 1087 1087 986 986 963 990 1087 1087 1087 1087 1087 986 986 986 986 1019 1019 1019 1019 1019 1019 1087 986 986 986 986 986 986 1087 1087 1087 1087
1019 1019 1019 1019 1019 1019 39 1087 1087 1087 986 1087 1087 1087 1087 1087 1087 1087 1087 891 891 986 1019 1019 1019 1087 1019 1019 986 986 986 986 986 986 986 1087 1087 1087 1087 1087
1019 1019 1019 1019 1019 39 1087 1087 986 986 1087 1087 1087 1087 1087 1087 1087 1087 891 986 986 1019 1019 1019 1087 1019 1019 986 986 986 986 986 986 986 1087 1087 1087 1087 1087 1019
1019 1019 1019 1019 39 1087 986 986 1087 1087 1087 1087 1087 1087 1087 1087 1087 891 986 986 1019 1019 1019 585 1019 1019 986 986 986 986 986 986 986 1087 1087 1087 1087 1087 1019 1087
1019 1019 1019 1087 1087 986 986 1087 1087 1087 1087 1087 1087 1087 1087 891 986 986 986 1019 1019 1019 1019 1019 1019 986 986 986 986 986 986 986 1087 1087 1087 1087 1087 1019 1087 1087
1019 1019 1373 1087 1087 986 1087 1087 977 89 1087 1087 1087 1087 891 986 986 986 1019 1019 1019 1019 1019 1019 1087 986 986 986 986 986 986 1087 1087 1087 1087 1087 1019 1087 1087 1087
1019 986 986 1087 986 986 1087 986 1087 1087 1087 1087 1087 986 986 986 986 1019 1019 1019 1019 1087 1019 1087 986 986 986 986 986 1087 1087 1087 1087 1087 1087 1019 1087 1019 1087 1019
1087 986 986 986 986 1087 986 1087 1087 1087 1087 986 986 986 986 986 1019 1019 1019 1087 1019 1019 1087 986 986 986 986 1231 1231 1087 1087 1087 1087 1087 1019 1087 1087 1087 1019 1019
1087 986 986 1087 1087 986 986 1087 1087 1087 1087 986 986 986 986 1019 1019 1019 1019 1087 1019 1087 986 986 986 986 1231 1231 1087 1087 1087 1087 1087 1019 1087 1087 1087 1087 1019 1019
1087 1087 1087 1087 986 1087 1087 1087 1087 1087 986 986 986 986 1019 1019 1019 1019 1019 1019 1087 986 986 986 986 1231 1231 1087 1087 1087 1087 1087 1019 1087 1087 1087 1087 1019 1019 1019
1087 1087 986 986 1087 986 1087 1087 1087 1087 986 1087 986 1019 1019 1019 1019 1019 1019 1087 986 986 986 986 986 1231 1087 1087 1087 1087 1087 1087 1087 1087 1087 1019 1019 1019 1019 1019
1087 986 986 1087 1087 986 1087 1087 1087 986 891 891 1019 1019 1019 1019 1087 1019 1087 986 986 986 986 986 1231 1087 1087 1087 1087 1087 1087 1087 1087 1087 1087 1019 1019 1019 1019 1019
1087 986 986 1087 1087 986 1087 1087 1087 986 891 1019 1019 1019 1019 1087 1019 1087 986 986 986 986 986 1087 1087 1087 1087 1087 1087 1087 1087 1087 1087 1087 1019 1019 1019 1019 1019 39
1087 986 986 1087 1087 986 1087 986 1087 1087 1019 1019 1019 1019 1019 1019 1087 986 986 986 986 963 1087 1087 1087 1087 1087 1087 1019 1087 1087 1087 1019 1019 1019 1019 1019 1019 39 39
1087 986 986 1087 1087 986 986 1087 1087 1019 1019 1019 1019 1019 1019 1087 1087 986 986 986 963 1087 1087 1087 1087 1087 1087 439 1087 1087 1087 1019 1019 1019 1019 1019 1019 39 39 1020
1087 986 986 1087 1087 986 1087 1087 1019 1019 1019 1019 1019 1019 1087 1087 986 986 986 963 1087 1087 1087 1087 1087 1087 1019 1087 1087 1087 1019 1019 1019 1019 1019 1019 39 39 1020 1087
1087 986 986 986 986 986 986 1019 1019 1019 1019 1019 1019 1087 1087 986 986 986 986 1087 1087 1087 1087 1087 1087 1019 1087 1087 1087 1019 1019 1019 1019 1019 1019 39 39 435 986 986
1087 986 986 986 986 986 1019 1019 1019 1019 1019 1019 1087 986 986 986 986 986 1087 1087 1087 1087 1087 1087 1019 1087 1087 1087 1019 1019 1019 1019 1019 1019 39 39 1020 986 986 1087
1087 986 986 986 1087 1019 1019 1019 1019 1019 1019 1087 986 986 986 986 986 1087 986 1087 1087 1087 1087 1019 1087 1087 1087 1087 1019 1019 1019 1019 1019 39 1087 1087 1087 986 986 986
1087 1087 1087 1087 1019 1019 1019 1019 1019 1019 1087 986 986 986 986 986 1087 1087 1087 1087 1087 1087 1087 1087 1087 1087 1019 1019 1019 1019 1019 1019 39 39 986 986 986 986 986 1087
1087 1087 1087 1019 1019 1019 1019 1019 1019 1087 986 986 986 986 986 986 1087 1087 1087 1087 1087 1019 1087 1087 1087 1019 1019 1019 1019 1019 1019 39 39 986 986 986 986 986 1087 1087
1087 1087 1019 1019 1019 1019 1019 1019 1087 986 986 986 986 963 1231 1087 1087 1087 1087 1087 1019 1087 1087 1087 1019 1019 1019 1019 1019 1019 39 39 1020 435 986 1087 1087 1087 1087 1087
1087 1019 1019 1019 1019 1019 1019 1087 1087 986 986 986 986 1087 1087 1087 1087 1087 1087 1019 1087 1087 1087 1019 1019 1019 1019 1019 1019 39 39 1020 1020 986 986 1087 1087 1087 1087 1087
1019 1019 1019 1019 1019 1019 1087 1087 1087 1087 1087 1087 1087 1087 1087 1087 1087 1087 1087 1087 1087 1019 1087 1019 1019 1019 1019 1019 39 39 986 986 986 986 1087 1087 1087 1087 1087 1087
1019 1019 1019 1019 1019 1087 1087 1087 1087 1087 1087 1087 1087 1087 1087 1087 1087 1087 1087 1087 1019 1019 1019 1019 1019 1019 1019 39 39 986 986 986 986 1087 1087 1087 1087 1087 1087 1019
1019 1019 1019 1019 1087 986 1087 1087 1087 1087 1087 1087 1087 1087 1087 1087 1087 1087 1087 1019 1019 1019 1019 1019 1019 1019 39 39 986 986 986 986 986 1087 1087 1087 1087 1087 1019 1019
1019 1019 1019 1087 986 1087 1087 1087 1087 1087 1087 1087 1087 1087 1087 1019 1019 1087 1019 1019 1019 1019 1019 1019 1019 39 39 986 986 986 986 1087 986 1087 1087 1087 1087 1019 1019 1019
1019 1019 986 1087 1087 1087 1087 891 1087 1087 1087 1087 1087 1087 1019 1019 1087 1019 1019 1019 1019 1019 1019 1019 39 1087 986 986 986 986 1087 1087 1087 1087 1087 1087 1019 1019 1019 1019
1019 986 986 1087 891 891 986 1087 1087 1087 1087 1087 1087 1019 1019 1019 1087 1019 1019 1019 1019 1019 1019 39 39 986 986 986 1087 1087 1087 1087 1087 1087 1087 1019 1019 1019 1019 1019
1087 1087 1087 1087 1087 1087 1087 1087 1087 1087 1087 1087 1019 1019 1087 1019 1019 1019 1019 1019 1019 1019 39 39 39 39 39 39 1087 1087 1087 1087 1087 1087 1019 1019 1019 1019 1019 1019
1087 1087 1087 1087 1087 1087 1087 1087 1087 1087 1087 1019 1019 1019 1019 1019 1019 1019 1019 1019 1019 39 39 39 39 39 39 1087 986 1087 1087 1087 1087 1019 1019 1019 1019 1019 1019 1019
1087 1087 1087 1087 1087 1087 1087 1087 1087 1087 1019 1019 1019 1019 1087 1019 1019 1019 1019 1019 39 39 39 39 39 1087 986 1087 1087 1087 1087 1087 1019 1019 1019 1019 1019 1019 1019 1019
1087 1087 1087 1087 1087 1087 1087 1087 1087 1019 1019 1087 1019 1087 1019 1019 1019 1019 1019 39 39 39 986 39 1087 1087 1087 1087 1087 1087 1087 1019 1019 1019 1019 1019 1019 1019 1019 1019
1087 1087 1087 1087 1087 1087 1087 1087 1019 1019 1087 1019 1087 1019 1019 1019 1019 1019 39 1132 986 986 1087 1087 1087 1087 1087 1087 1087 1087 1019 1019 1019 1019 1019 1019 1019 1019 1019 1019
1087 1087 1087 1087 1087 1087 1087 1019 1019 1087 1019 1019 1019 1019 1019 1019 1019 540 540 986 1087 1087 1087 1087 1087 1087 1087 1087 1087 1019 1019 1019 1019 1019 1019 1019 1019 1019 1019 540
1087 1087 1087 1087 1087 1087 1019 1019 1087 1019 1019 1019 1019 1019 1019 1019 39 540 1020 1087 1087 1087 1087 1087 1087 1087 1087 1087 1019 1019 1019 1019 1019 1019 1019 1019 1019 1019 540 1019
1087 1087 1087 1087 1087 1019 1019 1087 1019 1019 1019 1019 1019 1019 1019 39 1087 1087 1087 1087 1087 1087 1087 1087 1087 1087 1087 1019 1019 1019 1019 1019 1087 1019 1019 1019 1019 540 1019 986
